-2.800999879837036133e+00
-6.768747568130493164e-01
2.485453605651855469e+00
1.044875979423522949e+00
2.178172111511230469e+00
1.505646586418151855e+00
3.510531902313232422e+00
2.181036233901977539e+00
8.988039493560791016e-01
8.247394561767578125e-01
2.220915317535400391e+00
2.604477643966674805e+00
2.160274982452392578e+00
-1.759587764739990234e+00
-1.893292427062988281e+00
-2.179737091064453125e+00
-2.529860019683837891e+00
-1.899953722953796387e+00
-2.437790393829345703e+00
5.617609024047851562e-01
2.315561294555664062e+00
1.255149245262145996e+00
1.478538751602172852e+00
1.776510953903198242e+00
3.178205490112304688e-01
7.584841251373291016e-01
-6.986544132232666016e-01
8.373021483421325684e-01
9.706238508224487305e-01
9.826521873474121094e-01
-4.366278648376464844e-02
1.554510712623596191e+00
3.338757157325744629e-01
-1.880443096160888672e+00
2.315096855163574219e+00
-4.657391905784606934e-01
6.776054501533508301e-01
-5.069308876991271973e-01
2.102973699569702148e+00
-1.486812353134155273e+00
1.170532226562500000e+00
-7.214857339859008789e-01
1.389809846878051758e+00
-4.601564109325408936e-01
4.312813878059387207e-01
6.078519821166992188e-01
1.684305667877197266e-01
-1.670585393905639648e+00
7.802152037620544434e-01
-5.926659107208251953e-01
1.872256278991699219e+00
-2.654402017593383789e+00
1.946822047233581543e+00
-1.915919303894042969e+00
-3.418244719505310059e-01
-8.160050958395004272e-02
-1.538461893796920776e-01
-8.770877122879028320e-01
1.391690254211425781e+00
-1.871300697326660156e+00
1.761582493782043457e-01
1.158485412597656250e+00
-6.913299560546875000e-01
-7.545185089111328125e-01
-1.353528648614883423e-01
-5.159418582916259766e-01
3.394011259078979492e-01
-1.208549141883850098e-01
-9.595331549644470215e-01
1.298591852188110352e+00
-2.348906040191650391e+00
8.587781190872192383e-01
1.793883442878723145e-01
-2.309023737907409668e-01
-1.061198711395263672e-01
-8.425291180610656738e-01
-1.380267024040222168e+00
6.315210461616516113e-01
4.634476304054260254e-01
-2.059376478195190430e+00
1.934807062149047852e+00
-1.951950550079345703e+00
9.301759004592895508e-01
-1.880578756332397461e+00
-4.652367830276489258e-01
3.298308253288269043e-01
-5.624542236328125000e-01
9.968195557594299316e-01
-6.546473503112792969e-02
-1.056076049804687500e+00
8.495429158210754395e-01
-2.479728460311889648e-01
3.461067676544189453e-01
-2.203299999237060547e+00
-9.210293292999267578e-01
-6.456056833267211914e-01
9.034812450408935547e-01
-8.197913169860839844e-01
1.608058214187622070e-01
-5.338549613952636719e-02
-2.404025077819824219e+00
8.945270180702209473e-01
-2.690719366073608398e-01
1.506322622299194336e-01
-2.593004941940307617e+00
-4.884169995784759521e-02
-1.365774393081665039e+00
1.169104099273681641e+00
-1.493248701095581055e+00
7.584370374679565430e-01
-1.491259932518005371e-01
-2.296969175338745117e+00
1.449344038963317871e+00
-1.233814477920532227e+00
-6.036474704742431641e-01
4.661720693111419678e-01
-9.549872875213623047e-01
8.526702523231506348e-01
-4.627130627632141113e-01
2.503274083137512207e-01
-1.897029876708984375e-01
-9.388070106506347656e-01
3.178811371326446533e-01
-5.471798181533813477e-01
-1.398705840110778809e+00
1.539110183715820312e+00
-1.438101530075073242e+00
-5.635572075843811035e-01
9.561768770217895508e-01
-2.541859626770019531e+00
6.832143664360046387e-01
4.455678462982177734e-01
-2.533747553825378418e-01
-6.041078567504882812e-01
-1.486880183219909668e+00
1.512349963188171387e+00
-1.047752141952514648e+00
8.703854680061340332e-02
1.905035972595214844e-01
-6.981590986251831055e-01
-5.878729820251464844e-01
1.004441261291503906e+00
-8.721295595169067383e-01
-1.188323140144348145e+00
3.253079354763031006e-01
-1.489922761917114258e+00
1.326686978340148926e+00
-6.675348281860351562e-01
6.185681819915771484e-01
-6.660686731338500977e-01
-1.142371892929077148e-01
2.307035326957702637e-01
-2.144330263137817383e+00
1.889502048492431641e+00
-1.621858596801757812e+00
9.716328382492065430e-01
-1.273722171783447266e+00
8.196709156036376953e-01
-1.066118359565734863e+00
5.673198699951171875e-01
-1.270958065986633301e+00
-2.107370197772979736e-01
5.456525087356567383e-01
-1.955615520477294922e+00
8.061321377754211426e-01
-1.192676067352294922e+00
2.385554313659667969e+00
-2.987199306488037109e+00
1.075162649154663086e+00
-1.939171791076660156e+00
4.530026316642761230e-01
-4.234379529953002930e-01
7.277145385742187500e-01
-2.337318181991577148e+00
6.287074089050292969e-01
5.934858322143554688e-02
-1.224447727203369141e+00
6.992124915122985840e-01
-1.771033287048339844e+00
3.234664797782897949e-01
-2.028526067733764648e+00
1.360649466514587402e-01
-3.300905227661132812e-03
-6.516734957695007324e-01
1.960608243942260742e+00
-2.039518594741821289e+00
-6.704797744750976562e-01
-2.414792776107788086e-02
1.075693249702453613e+00
-2.317004680633544922e+00
-7.282654643058776855e-01
1.509442925453186035e-01
-2.186518013477325439e-01
6.497060060501098633e-01
2.395311594009399414e-01
-2.029859304428100586e+00
1.377361297607421875e+00
-1.033131122589111328e+00
-1.514404892921447754e+00
9.221549034118652344e-01
9.484211802482604980e-01
2.042749643325805664e+00
1.637161612510681152e+00
1.824764966964721680e+00
2.673025608062744141e+00
2.662269592285156250e+00
2.138490200042724609e+00
1.022983074188232422e+00
3.411163330078125000e+00
2.854707241058349609e+00
2.329316377639770508e+00
1.210289478302001953e+00
2.041146993637084961e+00
2.184014320373535156e+00
9.847177863121032715e-01
-2.275120258331298828e+00
-1.202070593833923340e+00
-6.181143522262573242e-01
-1.966987967491149902e+00
-1.614585161209106445e+00
-2.247353076934814453e+00
-2.096982002258300781e+00
-1.320288419723510742e+00
-2.575627326965332031e+00
-2.958506345748901367e-01
-3.108605384826660156e+00
-3.082226514816284180e+00
-5.514050722122192383e-01
-1.619234561920166016e+00
-3.507423162460327148e+00
-3.312532901763916016e+00
-2.977267742156982422e+00
-1.647947788238525391e+00
-2.232369661331176758e+00
-3.004075050354003906e+00
-3.069146871566772461e+00
-3.216477394104003906e+00
-1.288931727409362793e+00
-1.712294816970825195e+00
-2.593798160552978516e+00
2.785110473632812500e-01
-1.476456642150878906e+00
1.456194877624511719e+00
2.664581775665283203e+00
3.026538848876953125e+00
2.162146568298339844e+00
3.772260665893554688e+00
1.624939441680908203e-01
2.240393400192260742e+00
1.162220716476440430e+00
2.007962703704833984e+00
1.074802637100219727e+00
-6.615558266639709473e-01
-1.104573249816894531e+00
-1.941995501518249512e+00
-1.966165065765380859e+00
-4.476769924163818359e+00
-3.056481838226318359e+00
-1.193757534027099609e+00
6.897044181823730469e-01
1.141339659690856934e+00
5.236048102378845215e-01
-1.864540815353393555e+00
9.857307672500610352e-01
1.492413043975830078e+00
7.829810976982116699e-01
7.193570137023925781e-01
1.446457624435424805e+00
-8.277325630187988281e-01
3.121294975280761719e-01
2.531622409820556641e+00
9.481173157691955566e-01
-1.631559967994689941e+00
4.643119573593139648e-01
-2.711387276649475098e-01
8.161252737045288086e-02
1.198884248733520508e+00
-1.681038737297058105e-01
-1.266772150993347168e+00
4.758784174919128418e-01
-3.292601108551025391e-01
2.548247814178466797e+00
-9.597029685974121094e-01
-2.194362282752990723e-01
-4.084825515747070312e-01
5.360227823257446289e-01
1.383605003356933594e+00
-1.584288358688354492e+00
1.693277120590209961e+00
-1.974078536033630371e+00
-4.360520839691162109e-02
1.596586465835571289e+00
6.150929927825927734e-01
-3.106010913848876953e+00
3.676409125328063965e-01
1.630905866622924805e-01
-3.030006885528564453e-01
-2.298734426498413086e+00
1.729542255401611328e+00
-1.445305585861206055e+00
1.174051880836486816e+00
-1.676349997520446777e+00
1.038831233978271484e+00
6.385400891304016113e-01
-6.274026036262512207e-01
3.545941710472106934e-01
-4.333329200744628906e-02
-1.503659605979919434e+00
-2.616562694311141968e-02
7.039976119995117188e-01
-2.260071277618408203e+00
9.677201509475708008e-02
-8.896054327487945557e-02
7.388960123062133789e-01
-1.120396375656127930e+00
-2.269010990858078003e-01
-1.104358196258544922e+00
1.603280067443847656e+00
-7.981099486351013184e-01
-3.664357662200927734e-01
-2.018085956573486328e+00
1.531252741813659668e+00
-1.003210544586181641e-01
-1.820217609405517578e+00
6.642118096351623535e-02
2.511237859725952148e-01
2.500660419464111328e-01
-1.898944139480590820e+00
8.097358942031860352e-01
-9.234275817871093750e-01
-1.379803061485290527e+00
1.985578775405883789e+00
-4.652762413024902344e-01
-1.419548511505126953e+00
-8.296239972114562988e-01
1.187066674232482910e+00
-1.604618072509765625e+00
-7.505777478218078613e-01
1.178070425987243652e+00
-1.815446853637695312e+00
1.078440308570861816e+00
-1.090560078620910645e+00
-9.072070121765136719e-01
2.398163795471191406e+00
-2.394106864929199219e+00
-6.014113426208496094e-01
9.044052362442016602e-01
-1.373614907264709473e+00
-1.029561996459960938e+00
2.512236833572387695e+00
-3.020356655120849609e+00
1.073178052902221680e+00
-1.662189364433288574e+00
8.485867977142333984e-01
9.669958949089050293e-01
-9.924756884574890137e-01
1.999695152044296265e-01
3.515095412731170654e-01
-1.132355570793151855e+00
-1.654988825321197510e-01
-4.433250427246093750e-02
1.237746357917785645e+00
-1.972295761108398438e+00
4.950968027114868164e-01
6.069260835647583008e-01
-1.926839232444763184e+00
1.459263801574707031e+00
-1.313057661056518555e+00
3.804552257061004639e-01
-1.693739175796508789e+00
4.394241273403167725e-01
1.950346827507019043e-01
-1.123378634452819824e+00
1.536803841590881348e-01
-1.202834844589233398e+00
1.061720609664916992e+00
5.490140318870544434e-01
-7.992752790451049805e-01
-1.161827087402343750e+00
1.083627343177795410e-01
4.732153713703155518e-01
-5.826082825660705566e-01
-2.948660254478454590e-01
5.481152534484863281e-01
-9.111695885658264160e-01
4.418897032737731934e-01
-1.616613864898681641e+00
2.811794042587280273e+00
-7.229441404342651367e-01
-1.538445353507995605e+00
4.743403196334838867e-01
1.586159169673919678e-01
-1.459413170814514160e-01
-1.064724683761596680e+00
6.570658683776855469e-01
-4.947479069232940674e-01
-1.217479825019836426e+00
9.014356732368469238e-01
-1.224106192588806152e+00
8.920665383338928223e-01
1.798553824424743652e+00
2.898939132690429688e+00
2.133345365524291992e+00
1.281739950180053711e+00
1.665982484817504883e+00
1.440316438674926758e+00
2.764040946960449219e+00
4.023656845092773438e-01
2.394358158111572266e+00
1.671491026878356934e+00
2.312242984771728516e+00
2.440301656723022461e+00
-6.704581975936889648e-01
-3.181568622589111328e+00
-5.481637120246887207e-01
8.102546334266662598e-01
1.236987471580505371e+00
1.109520554542541504e+00
1.443172216415405273e+00
1.054293632507324219e+00
1.283058524131774902e+00
2.794280290603637695e+00
1.660358428955078125e+00
1.155836224555969238e+00
9.743458032608032227e-01
1.377088069915771484e+00
-1.439950466156005859e+00
2.098617315292358398e+00
9.728746414184570312e-01
1.703667193651199341e-01
5.950679779052734375e-01
-5.885795354843139648e-01
2.584864616394042969e+00
-7.412038445472717285e-01
7.612492442131042480e-01
-1.053336262702941895e+00
2.315588712692260742e+00
5.352284908294677734e-01
-1.387496232986450195e+00
7.190983295440673828e-01
-1.019651651382446289e+00
2.317857742309570312e+00
-2.314111709594726562e+00
-5.363007783889770508e-01
2.569349288940429688e+00
-1.596810102462768555e+00
1.226418972015380859e+00
3.981643021106719971e-01
-4.984754323959350586e-02
-2.021012783050537109e+00
2.589993476867675781e+00
-2.193296432495117188e+00
1.184329986572265625e-01
1.956646561622619629e+00
-1.102589845657348633e+00
1.709567606449127197e-01
-1.043766021728515625e+00
1.345295786857604980e+00
-1.068068146705627441e+00
1.247352659702301025e-01
-2.302779257297515869e-01
1.428852796554565430e+00
-1.882625818252563477e+00
2.015903592109680176e-01
1.235405087471008301e+00
-2.409990787506103516e+00
2.064298987388610840e-01
-2.194204330444335938e-01
-1.044796705245971680e+00
4.881878793239593506e-01
-5.839379429817199707e-01
-1.142727285623550415e-01
4.267515242099761963e-01
-1.207362532615661621e+00
2.925432622432708740e-01
-1.007802963256835938e+00
3.224791288375854492e-01
-9.883069992065429688e-02
-8.534091711044311523e-01
1.071751236915588379e+00
-1.133583068847656250e+00
-7.636346220970153809e-01
1.873002529144287109e+00
-1.961886644363403320e+00
-3.966027498245239258e-02
-6.964992880821228027e-01
1.393807411193847656e+00
-1.842640638351440430e-01
-1.924844861030578613e+00
7.782531976699829102e-01
-3.376325964927673340e-01
-1.645580887794494629e+00
1.446229457855224609e+00
-1.855221748352050781e+00
1.237869977951049805e+00
-3.975756764411926270e-01
-1.643327116966247559e+00
-1.138344049453735352e+00
2.420508623123168945e+00
8.051800727844238281e-02
-2.022783041000366211e+00
1.041005373001098633e+00
-3.804464340209960938e-01
-1.471452116966247559e-01
-1.255601644515991211e+00
9.970143437385559082e-01
-1.505185484886169434e+00
-4.005958437919616699e-01
-1.749903321266174316e+00
1.511770248413085938e+00
-8.749176263809204102e-01
1.327334403991699219e+00
-2.372379779815673828e+00
-4.154899716377258301e-01
1.133413314819335938e+00
-8.602864742279052734e-01
-3.347794115543365479e-01
-2.401949763298034668e-01
2.054930686950683594e+00
-8.019225001335144043e-01
-2.677556991577148438e+00
5.774609446525573730e-01
-1.252669453620910645e+00
6.479096412658691406e-02
-1.857603192329406738e-01
-4.147930145263671875e-01
1.034388780593872070e+00
3.463187217712402344e-01
-2.536378145217895508e+00
-9.884433746337890625e-01
1.280360221862792969e+00
-1.961599588394165039e+00
1.450572848320007324e+00
2.831430435180664062e-01
-2.979765415191650391e+00
2.018315076828002930e+00
-1.688614606857299805e+00
-1.153812170028686523e+00
-2.041851878166198730e-01
2.761738598346710205e-01
-1.432185173034667969e+00
1.927369594573974609e+00
-3.339897632598876953e+00
1.885334998369216919e-01
1.741018891334533691e-01
-1.583811283111572266e+00
9.675213694572448730e-01
-2.173312902450561523e+00
1.036742448806762695e+00
-1.468514084815979004e+00
6.351652741432189941e-01
1.728545278310775757e-01
-1.199133038520812988e+00
8.561187982559204102e-02
5.162652730941772461e-01
-1.569505453109741211e+00
1.185374259948730469e-01
1.330529093742370605e+00
-1.354383707046508789e+00
7.682409286499023438e-01
-3.124881386756896973e-01
-5.847825407981872559e-01
2.030402570962905884e-01
3.312325477600097656e-01
-1.476661324501037598e+00
3.125303983688354492e-02
-6.562182307243347168e-02
-1.380108118057250977e+00
1.003303647041320801e+00
8.512585163116455078e-01
-6.858568191528320312e-01
-1.101550579071044922e+00
-1.183928489685058594e+00
2.151082038879394531e+00
-1.076394796371459961e+00
4.427318572998046875e-01
1.888672590255737305e+00
-2.258320093154907227e+00
5.770694613456726074e-01
-1.838227987289428711e+00
4.882062673568725586e-01
6.171253323554992676e-01
-1.260233402252197266e+00
8.393312692642211914e-01
2.501918077468872070e-01
-4.472613930702209473e-01
-3.393181562423706055e-01
-1.276122808456420898e+00
1.694897651672363281e+00
-6.882028579711914062e-01
-4.150670468807220459e-01
-1.196481943130493164e+00
2.717237949371337891e+00
-2.441694021224975586e+00
9.930171817541122437e-02
-1.250697374343872070e+00
7.697180509567260742e-01
4.987883865833282471e-01
-7.495331764221191406e-01
-1.273822784423828125e-02
-1.345728516578674316e+00
1.773924827575683594e+00
2.184370994567871094e+00
1.694333672523498535e+00
2.550877094268798828e+00
2.346760749816894531e+00
3.204098224639892578e+00
2.344276905059814453e+00
3.044546604156494141e+00
1.663948893547058105e+00
2.373472929000854492e+00
2.476245164871215820e+00
2.105575084686279297e+00
1.078558921813964844e+00
1.688923954963684082e+00
1.961920976638793945e+00
1.745521545410156250e+00
1.733281731605529785e+00
1.806349515914916992e+00
2.268369674682617188e+00
2.817668914794921875e-01
1.805442810058593750e+00
-7.093987464904785156e-01
-1.205419659614562988e+00
-2.036056041717529297e+00
-1.447676897048950195e+00
-1.320255756378173828e+00
-3.904444456100463867e+00
-2.314542531967163086e+00
-1.569078683853149414e+00
-1.262966871261596680e+00
-1.275094985961914062e+00
-3.755582809448242188e+00
7.800388336181640625e-01
9.731993079185485840e-01
-8.405023813247680664e-01
1.761960506439208984e+00
5.158613920211791992e-01
5.316346883773803711e-02
1.493633747100830078e+00
1.651798009872436523e+00
-6.326087117195129395e-01
-1.449908614158630371e+00
-1.233791470527648926e+00
4.232019186019897461e-01
4.269182682037353516e-02
-1.880481243133544922e+00
-3.092373609542846680e-01
-4.195677340030670166e-01
-1.053949356079101562e+00
-1.380760669708251953e-01
-2.036617040634155273e+00
1.822672128677368164e+00
-2.268389225006103516e+00
-1.342292189598083496e+00
-1.821601390838623047e-01
-1.996572494506835938e+00
-1.044696331024169922e+00
8.078591227531433105e-01
-1.445700764656066895e+00
1.992837488651275635e-01
-7.105441689491271973e-01
8.619695305824279785e-01
-7.666893601417541504e-01
1.139736175537109375e-02
-1.628725171089172363e+00
-9.821996092796325684e-01
8.467830419540405273e-01
6.819298267364501953e-01
-1.331532955169677734e+00
-1.457130908966064453e+00
1.760038137435913086e-01
-1.024594306945800781e+00
-8.645845055580139160e-01
-9.465762972831726074e-01
1.617343187332153320e+00
-1.898110389709472656e+00
-1.498345136642456055e+00
1.122073292732238770e+00
-2.960864543914794922e+00
1.299294114112854004e+00
-5.954222083091735840e-01
-3.508196771144866943e-01
1.444796025753021240e-01
-4.574048519134521484e-02
-1.212584733963012695e+00
1.089777946472167969e+00
-1.971122980117797852e+00
6.922876834869384766e-01
8.918040990829467773e-02
-7.537610530853271484e-01
-9.385564923286437988e-02
-1.294806957244873047e+00
7.335656881332397461e-01
-2.010939598083496094e+00
2.770872116088867188e+00
-2.464827060699462891e+00
1.871181011199951172e+00
-1.313553452491760254e+00
-8.386810421943664551e-01
3.072132170200347900e-01
-1.554331928491592407e-01
-4.933320879936218262e-01
1.022357463836669922e+00
-1.164953708648681641e+00
-4.916858077049255371e-01
-8.336332440376281738e-01
2.690607607364654541e-01
-1.773860454559326172e-01
-1.395350694656372070e+00
1.403178691864013672e+00
-6.171422600746154785e-01
-1.133948206901550293e+00
-4.767377972602844238e-01
1.649593412876129150e-01
-1.786504834890365601e-01
-4.622241854667663574e-02
-8.008795976638793945e-02
-3.040221333503723145e-01
-1.043888330459594727e+00
-4.348936676979064941e-01
-9.161971807479858398e-01
1.738449811935424805e+00
-1.356738805770874023e-01
-1.107489824295043945e+00
-1.309497654438018799e-01
-1.982389092445373535e-01
-1.916809082031250000e-01
-7.086935639381408691e-01
-1.563692092895507812e-02
2.012344598770141602e-01
-1.699031352996826172e+00
-4.160142838954925537e-01
-9.204559326171875000e-01
-2.455920577049255371e-01
1.310418486595153809e+00
-6.894385218620300293e-01
-1.144510149955749512e+00
9.182429909706115723e-01
-2.664025783538818359e+00
5.768403410911560059e-01
-1.448587179183959961e+00
1.215531826019287109e+00
-1.600307226181030273e+00
7.114813923835754395e-01
-1.660156399011611938e-01
5.177039653062820435e-02
-2.943684458732604980e-01
-1.772053956985473633e+00
1.966623306274414062e+00
-1.575190782546997070e+00
2.427738904953002930e+00
-1.197767376899719238e+00
-8.237935304641723633e-01
1.405087560415267944e-01
-6.389896869659423828e-01
1.504109144210815430e+00
-3.417121171951293945e-01
-1.354455113410949707e+00
-1.656825542449951172e+00
2.074544429779052734e+00
-2.423861265182495117e+00
-1.505245685577392578e+00
6.592628955841064453e-01
1.247402787208557129e+00
-5.531816482543945312e-01
6.057181358337402344e-01
-1.132597684860229492e+00
-1.629253476858139038e-01
8.346075415611267090e-01
-1.308024048805236816e+00
6.438142657279968262e-01
-7.072113156318664551e-01
-9.338396787643432617e-01
1.426431536674499512e+00
-1.290950059890747070e+00
1.286641836166381836e+00
-2.581457376480102539e+00
-8.298336863517761230e-01
-4.013469815254211426e-01
-1.194000095129013062e-01
4.342081248760223389e-01
-1.782779216766357422e+00
9.082425832748413086e-01
-3.153219819068908691e-01
-1.505403280258178711e+00
2.992003262042999268e-01
4.781486988067626953e-01
-1.628768920898437500e+00
1.424917936325073242e+00
-6.812192797660827637e-01
-1.438844323158264160e+00
5.099146366119384766e-01
-7.651697397232055664e-01
-6.009363532066345215e-01
-9.674540758132934570e-01
2.094447612762451172e-03
-5.233635306358337402e-01
6.235683560371398926e-01
-4.450962692499160767e-02
-1.647552847862243652e+00
-3.049497365951538086e+00
-9.963862299919128418e-01
-9.302349090576171875e-01
-6.182389259338378906e-01
-9.873654842376708984e-01
-1.841324448585510254e+00
-2.338948488235473633e+00
-2.841058969497680664e+00
-2.413231611251831055e+00
-7.260897159576416016e-01
1.937110424041748047e-01
1.866721630096435547e+00
1.495481491088867188e+00
2.571408748626708984e+00
1.092620253562927246e+00
1.197691917419433594e+00
1.392468214035034180e-01
2.340230226516723633e+00
1.309411525726318359e+00
6.395416855812072754e-01
-2.719908475875854492e+00
-2.847795009613037109e+00
-1.331780552864074707e+00
-3.861053466796875000e+00
-2.123151779174804688e+00
6.500426530838012695e-01
-1.827465772628784180e+00
2.187174320220947266e+00
2.090116143226623535e-01
1.318201303482055664e+00
1.570629119873046875e+00
9.590675234794616699e-01
-6.166719645261764526e-02
-1.020733594894409180e+00
2.483290433883666992e+00
5.835879445075988770e-01
7.692968845367431641e-01
5.612494945526123047e-01
1.540562987327575684e+00
1.078885078430175781e+00
-3.191176950931549072e-01
4.721079468727111816e-01
1.140551567077636719e+00
8.314484357833862305e-02
-5.500245094299316406e-01
-5.705823898315429688e-01
1.819496154785156250e+00
-9.721867442131042480e-01
1.318890571594238281e+00
-1.132572531700134277e+00
5.574477910995483398e-01
1.862228751182556152e+00
-2.371860146522521973e-01
-2.677938938140869141e-01
2.873769998550415039e-01
-1.930817365646362305e-01
-1.669314503669738770e+00
2.610630512237548828e+00
-1.191693067550659180e+00
-3.686491250991821289e-01
7.529076933860778809e-01
-2.007578849792480469e+00
1.636915087699890137e+00
-3.075980842113494873e-01
-6.768902540206909180e-01
1.075216293334960938e+00
-2.051769733428955078e+00
1.179310441017150879e+00
-1.291451215744018555e+00
1.063188433647155762e+00
-1.735524654388427734e+00
7.498906850814819336e-01
7.323142290115356445e-01
-2.187059521675109863e-01
-1.207869648933410645e+00
1.630277633666992188e-01
-9.535925388336181641e-01
4.940569996833801270e-01
1.150200664997100830e-01
2.828252017498016357e-01
-8.799418807029724121e-01
1.018156409263610840e+00
-9.664341211318969727e-01
-1.092658281326293945e+00
7.910650968551635742e-01
-1.247876882553100586e+00
1.250685214996337891e+00
-6.869912147521972656e-01
-3.002265930175781250e+00
2.824229001998901367e-01
2.097909212112426758e+00
-8.619871735572814941e-01
-1.667689085006713867e-01
-1.999407291412353516e+00
1.150292873382568359e+00
-2.302163839340209961e-02
-1.328179836273193359e+00
-3.655948042869567871e-01
4.427168369293212891e-01
-2.736118435859680176e-01
-3.894978463649749756e-01
-1.803937554359436035e-01
-1.177546024322509766e+00
4.214578866958618164e-01
7.656282186508178711e-02
-4.449527859687805176e-01
3.682504296302795410e-01
-2.206433057785034180e+00
9.552929997444152832e-01
-1.179681062698364258e+00
-1.132767945528030396e-01
-1.275983452796936035e+00
3.085246682167053223e-01
5.754441022872924805e-01
-4.003059267997741699e-01
-7.728559374809265137e-01
1.924120485782623291e-01
-8.327475786209106445e-01
-1.584430217742919922e+00
1.217624902725219727e+00
1.138548851013183594e+00
-1.445056557655334473e+00
-9.003400802612304688e-03
-2.448327541351318359e-01
-1.353850483894348145e+00
-8.731048107147216797e-01
2.884687781333923340e-01
-6.194689497351646423e-02
-2.933472156524658203e+00
3.238185644149780273e+00
-1.051487088203430176e+00
4.789707362651824951e-01
-1.740778446197509766e+00
6.591289639472961426e-01
-7.135067582130432129e-01
-8.896589279174804688e-03
1.713372349739074707e+00
-5.436253547668457031e-01
-4.453579783439636230e-01
-8.504730463027954102e-01
-1.247352838516235352e+00
1.526528120040893555e+00
-1.457529902458190918e+00
2.382063269615173340e-01
-2.021851539611816406e+00
2.065310716629028320e+00
-1.516099572181701660e+00
4.691598415374755859e-01
-2.118460983037948608e-01
-5.422668457031250000e-01
1.109507441520690918e+00
-6.734002232551574707e-01
-1.744569778442382812e+00
4.629505872726440430e-01
-9.437417984008789062e-01
-8.745341300964355469e-01
1.894931316375732422e+00
-7.164159417152404785e-01
-8.959233164787292480e-01
1.355739235877990723e-01
-9.290680885314941406e-01
8.392331600189208984e-01
-6.222871541976928711e-01
-3.935997486114501953e-01
4.124947488307952881e-01
-1.226488113403320312e+00
1.867159008979797363e-01
3.924190104007720947e-01
-3.469364643096923828e-01
-1.507012605667114258e+00
4.526788592338562012e-01
4.930570721626281738e-01
-1.892865896224975586e+00
2.904055595397949219e+00
-1.997447013854980469e+00
-1.120977401733398438e-01
5.737025737762451172e-01
-9.896251559257507324e-01
1.465110778808593750e+00
-8.377752900123596191e-01
-1.343655586242675781e+00
4.771718978881835938e-01
-2.520889043807983398e-01
-1.035523056983947754e+00
1.414766192436218262e+00
-1.863260746002197266e+00
1.398085594177246094e+00
-9.520455598831176758e-01
-1.474828481674194336e+00
2.188572883605957031e+00
-1.047781944274902344e+00
-1.258721351623535156e+00
-6.440854072570800781e-02
3.708276152610778809e-01
2.313171029090881348e-01
-2.104362964630126953e+00
1.305353879928588867e+00
-4.490132927894592285e-01
-1.337095022201538086e+00
-1.442012310028076172e+00
-2.259231567382812500e+00
-2.684776782989501953e+00
-1.866095185279846191e+00
-1.418331384658813477e+00
-5.485196113586425781e-01
-1.676412105560302734e+00
-1.266864657402038574e+00
-1.831098198890686035e+00
-7.232737541198730469e-01
-1.058040499687194824e+00
-1.959064960479736328e+00
-3.730978488922119141e+00
-1.647671222686767578e+00
-1.931105494499206543e+00
-2.258369922637939453e-01
2.202205181121826172e+00
2.575442790985107422e+00
2.350641727447509766e+00
2.783209562301635742e+00
2.055177927017211914e+00
2.394298315048217773e+00
1.416587114334106445e+00
2.641988515853881836e+00
-2.003535032272338867e+00
-1.843310832977294922e+00
-2.151627540588378906e+00
-2.551989793777465820e+00
-1.563378810882568359e+00
-2.948102235794067383e+00
-1.664227962493896484e+00
8.267843127250671387e-01
8.364269137382507324e-01
7.198473215103149414e-01
1.826345682144165039e+00
-8.055565357208251953e-01
3.718335628509521484e-01
1.119319438934326172e+00
1.233766674995422363e+00
1.719457745552062988e+00
4.186277389526367188e-01
2.396707296371459961e+00
-1.607709169387817383e+00
9.655141830444335938e-01
1.073988914489746094e+00
2.227013587951660156e+00
-1.317550420761108398e+00
2.438601493835449219e+00
-1.416365265846252441e+00
8.805153965950012207e-01
1.707574367523193359e+00
-2.030257582664489746e-01
-3.275668025016784668e-01
-3.523132503032684326e-01
6.344033479690551758e-01
1.895269751548767090e-01
2.494450509548187256e-01
-6.790589094161987305e-01
1.083713769912719727e+00
-4.126321673393249512e-01
9.291666746139526367e-01
-1.728153347969055176e+00
-9.627435207366943359e-01
2.094546556472778320e+00
-5.210126191377639771e-02
-2.671359181404113770e-01
8.771479129791259766e-01
-1.623291254043579102e+00
1.319753766059875488e+00
-1.900684833526611328e+00
2.431980133056640625e+00
-1.932472288608551025e-01
-5.067825317382812500e-03
-7.059451937675476074e-01
4.021855592727661133e-01
2.593507766723632812e-01
-1.255629301071166992e+00
-4.655382633209228516e-01
-7.990667223930358887e-01
2.201023101806640625e-01
-1.576342344284057617e+00
1.943261265754699707e+00
2.022190570831298828e+00
-2.402304649353027344e+00
2.895236015319824219e-03
2.138197183609008789e+00
-1.601574420928955078e-01
-8.541926741600036621e-01
-7.126795649528503418e-01
-1.030453443527221680e+00
2.320258140563964844e+00
-1.475636005401611328e+00
2.184785604476928711e-01
1.630032360553741455e-01
-2.029695987701416016e+00
2.122444152832031250e+00
-1.259717464447021484e+00
6.735014915466308594e-01
-1.820908784866333008e+00
1.553175926208496094e+00
-4.906899929046630859e-01
-1.839833736419677734e+00
1.157351613044738770e+00
-4.141777455806732178e-01
-4.708655476570129395e-01
8.997058868408203125e-01
-2.911814689636230469e+00
1.984377861022949219e+00
-1.786856889724731445e+00
-5.936026573181152344e-01
5.097699165344238281e-01
-8.778002858161926270e-01
1.277506113052368164e+00
-2.391651391983032227e+00
1.700492024421691895e+00
-9.622661471366882324e-01
-1.837895750999450684e+00
9.445539712905883789e-01
6.637806296348571777e-01
-1.670115709304809570e+00
-1.396964311599731445e+00
1.035314440727233887e+00
8.079439401626586914e-02
8.151454925537109375e-01
-1.355666399002075195e+00
-5.345963835716247559e-01
5.067245960235595703e-01
-2.912421226501464844e-01
-6.579282283782958984e-01
1.307155013084411621e+00
-1.087404727935791016e+00
-7.707117795944213867e-01
1.352241039276123047e+00
-2.838510751724243164e+00
5.953335762023925781e-01
-3.533802032470703125e-01
-1.949588179588317871e+00
1.040478706359863281e+00
-3.434055149555206299e-01
2.053232491016387939e-01
-1.373452782630920410e+00
9.328180551528930664e-01
-1.415898561477661133e+00
3.475840389728546143e-01
-1.232510089874267578e+00
2.607675790786743164e+00
-1.064034461975097656e+00
2.328789234161376953e-01
-2.092130661010742188e+00
1.527084410190582275e-01
-1.225420951843261719e+00
1.729835748672485352e+00
-2.519380331039428711e+00
3.905797004699707031e-02
-9.246205687522888184e-01
-1.962025016546249390e-01
-8.758294582366943359e-02
9.695696830749511719e-02
-2.461251020431518555e+00
4.640599191188812256e-01
3.879334330558776855e-01
-1.408670425415039062e+00
9.998261928558349609e-01
-1.923639774322509766e+00
1.311365604400634766e+00
-9.998958110809326172e-01
-2.050186395645141602e+00
1.312256097793579102e+00
6.626480817794799805e-01
-1.219431638717651367e+00
-1.430485129356384277e+00
8.894137740135192871e-01
1.275557041168212891e+00
-1.013892650604248047e+00
-1.012843728065490723e+00
-1.711743712425231934e+00
1.555390834808349609e+00
-1.733133077621459961e+00
5.505777001380920410e-01
4.388369917869567871e-01
-1.723747491836547852e+00
1.403855800628662109e+00
-1.178890705108642578e+00
-3.124987483024597168e-01
1.194122791290283203e+00
-1.621877431869506836e+00
6.124756932258605957e-01
-7.023637890815734863e-01
3.593124449253082275e-01
-1.117323637008666992e+00
1.114395856857299805e+00
-2.815566539764404297e+00
1.155424118041992188e-02
7.452422976493835449e-01
-7.585305571556091309e-01
8.528996706008911133e-01
-7.159132361412048340e-01
6.594467163085937500e-02
-1.106317758560180664e+00
-7.989438772201538086e-01
-1.480153560638427734e+00
-1.930135726928710938e+00
-1.666204094886779785e+00
-2.143242120742797852e+00
-1.301339030265808105e+00
-2.059587955474853516e+00
-3.514036893844604492e+00
-1.715150475502014160e+00
-2.156788110733032227e+00
-1.778449296951293945e+00
-2.886153697967529297e+00
4.272396564483642578e-01
-3.448268175125122070e+00
-1.476505398750305176e+00
-1.330567598342895508e+00
-2.139782428741455078e+00
-1.722406864166259766e+00
-2.570825576782226562e+00
-2.579556941986083984e+00
-1.622826576232910156e+00
-7.040715217590332031e-01
-1.224843978881835938e+00
-2.088129997253417969e+00
4.896003901958465576e-01
5.698786973953247070e-01
-9.332413673400878906e-01
-2.098889112472534180e+00
1.622143238782882690e-01
1.733803749084472656e-02
-1.361846685409545898e+00
-5.990833044052124023e-02
-2.247810602188110352e+00
3.304971158504486084e-01
-1.903055429458618164e+00
-3.128406703472137451e-01
1.282856345176696777e+00
-2.077111005783081055e+00
-1.118135690689086914e+00
-3.673936724662780762e-01
9.106706976890563965e-01
-2.958290576934814453e+00
-1.701000928878784180e+00
7.805811762809753418e-01
-7.515755891799926758e-01
2.000418007373809814e-01
6.847475767135620117e-01
-1.044649958610534668e+00
-2.276415348052978516e+00
-3.624092936515808105e-01
-1.843598484992980957e+00
2.243216037750244141e+00
-1.484155774116516113e+00
-5.548177361488342285e-01
5.663799047470092773e-01
-6.409195065498352051e-01
-1.330663681030273438e+00
-6.498295664787292480e-01
8.149623870849609375e-02
1.763427972793579102e+00
-1.680805921554565430e+00
-3.863080590963363647e-02
-4.514039754867553711e-01
-2.160104066133499146e-01
-1.531225919723510742e+00
6.874712705612182617e-01
1.216344714164733887e+00
-1.959703087806701660e+00
1.377744913101196289e+00
-1.836410045623779297e+00
-3.815516829490661621e-01
2.783983945846557617e-01
9.047247469425201416e-02
-7.286114692687988281e-01
1.127684950828552246e+00
-1.392065286636352539e-01
-1.430844902992248535e+00
-4.017933309078216553e-01
3.177288174629211426e-02
-3.778577744960784912e-01
5.212551951408386230e-01
-2.899385690689086914e+00
1.086984515190124512e+00
-1.302467346191406250e+00
-6.987255215644836426e-01
1.161696314811706543e+00
-1.364900350570678711e+00
-4.915847480297088623e-01
5.902469158172607422e-01
-3.766179084777832031e-03
-7.934353351593017578e-01
-8.594932556152343750e-01
1.669572114944458008e+00
-1.805178523063659668e+00
-1.055919408798217773e+00
1.374756813049316406e+00
-1.199407458305358887e+00
9.253658056259155273e-01
-1.541880011558532715e+00
5.753088593482971191e-01
-2.344491243362426758e+00
2.539041996002197266e+00
-1.682613372802734375e+00
7.105767726898193359e-02
-1.501767039299011230e-01
5.472357273101806641e-01
-8.178758621215820312e-01
5.589322447776794434e-01
-1.092770814895629883e+00
3.004619479179382324e-01
-1.787849307060241699e+00
2.514362335205078125e-03
1.800756454467773438e+00
-3.550128936767578125e+00
7.538486719131469727e-01
-1.095175385475158691e+00
1.666106104850769043e+00
-2.426477909088134766e+00
2.761223316192626953e-01
-1.206746697425842285e-01
2.035628557205200195e-01
-1.060759544372558594e+00
9.704245924949645996e-01
-2.042477369308471680e+00
7.204731702804565430e-01
-1.342757582664489746e+00
1.048121929168701172e+00
-1.532970190048217773e+00
1.434651911258697510e-01
-6.004381775856018066e-01
2.470696270465850830e-01
-3.495301008224487305e-01
-2.131213992834091187e-01
-6.382976770401000977e-01
-7.888936996459960938e-02
-3.450837135314941406e-01
1.458166122436523438e+00
-4.855490326881408691e-01
-1.377951264381408691e+00
1.448527932167053223e+00
-1.309223294258117676e+00
-4.793742001056671143e-01
1.417502999305725098e+00
-1.710560321807861328e+00
-1.382022261619567871e+00
3.409197628498077393e-01
2.424856275320053101e-01
-3.599330782890319824e-01
-1.046932935714721680e+00
1.019436597824096680e+00
-1.077623605728149414e+00
-1.077430605888366699e+00
7.344707250595092773e-01
-1.464142084121704102e+00
3.845577538013458252e-01
-9.198727607727050781e-01
1.057535171508789062e+00
-1.214337825775146484e+00
-1.340948343276977539e+00
1.613840103149414062e+00
-1.146600961685180664e+00
-6.848580837249755859e-01
1.612949252128601074e+00
-1.289491653442382812e+00
-1.517254590988159180e+00
4.752860069274902344e-01
-1.814359903335571289e+00
1.882122278213500977e+00
-1.732707381248474121e+00
-2.879548966884613037e-01
2.064415812492370605e-01
-6.320027709007263184e-01
-1.563392728567123413e-01
-1.251273036003112793e+00
1.418882489204406738e+00
-1.394493699073791504e+00
-2.582806348800659180e-01
4.180163741111755371e-01
-6.109184026718139648e-01
3.473325073719024658e-01
-7.898728847503662109e-01
-3.466534316539764404e-01
-1.144946813583374023e+00
2.321921586990356445e-01
2.871073186397552490e-01
6.238787770271301270e-01
-6.652769446372985840e-01
-1.800812721252441406e+00
5.612692236900329590e-01
-3.351914882659912109e-01
-6.154782772064208984e-01
-7.053642272949218750e-01
-2.767891585826873779e-01
-1.262488365173339844e+00
1.146402835845947266e+00
-6.862624883651733398e-01
-1.301048517227172852e+00
1.837215423583984375e+00
-2.896572351455688477e+00
1.263522863388061523e+00
-1.120133280754089355e+00
-2.428665399551391602e+00
-2.197862386703491211e+00
-1.543781042098999023e+00
-1.032579898834228516e+00
-3.463909626007080078e+00
-2.191733360290527344e+00
-1.861618995666503906e+00
-1.820781588554382324e+00
-1.372048854827880859e+00
-2.530411481857299805e+00
-2.569265365600585938e+00
-1.677636384963989258e+00
-2.195451498031616211e+00
-1.264118671417236328e+00
-2.370269298553466797e+00
1.140447854995727539e+00
1.843605756759643555e+00
1.337009906768798828e+00
1.035238265991210938e+00
2.571623325347900391e+00
2.350461483001708984e+00
2.503435134887695312e+00
1.128978729248046875e+00
3.487107753753662109e+00
2.521566390991210938e+00
2.522830486297607422e+00
1.792521238327026367e+00
2.023378372192382812e+00
2.433600664138793945e+00
1.153440713882446289e+00
3.133813619613647461e+00
2.127078533172607422e+00
1.929578065872192383e+00
2.364722490310668945e+00
2.231025695800781250e+00
1.814821600914001465e+00
2.692105054855346680e+00
7.918261885643005371e-01
8.225730061531066895e-01
3.416920185089111328e+00
2.603070735931396484e+00
2.783145904541015625e+00
2.201638221740722656e+00
1.939562857151031494e-01
7.998893260955810547e-01
9.758634567260742188e-01
5.626144409179687500e-01
1.253405451774597168e+00
7.295430302619934082e-01
7.935501337051391602e-01
7.991374731063842773e-01
-1.567938774824142456e-01
-1.148791432380676270e+00
1.606441020965576172e+00
6.845837831497192383e-01
6.483877897262573242e-01
-6.910301744937896729e-02
6.476057767868041992e-01
2.019134610891342163e-01
-1.999661475419998169e-01
-1.198264598846435547e+00
1.751865506172180176e+00
4.943433403968811035e-01
-7.810082435607910156e-01
1.842612504959106445e+00
-1.992019653320312500e+00
-7.311139702796936035e-01
7.024359703063964844e-02
1.656385183334350586e+00
-1.202231884002685547e+00
1.571369171142578125e-02
4.586325287818908691e-01
5.036650896072387695e-01
-1.126012325286865234e+00
1.426460027694702148e+00
-7.823355197906494141e-01
6.912528872489929199e-01
5.502559542655944824e-01
-1.169909238815307617e+00
1.647110581398010254e-01
-3.880295157432556152e-01
-1.233218431472778320e+00
1.991726994514465332e+00
-1.319675445556640625e+00
-1.687854647636413574e+00
1.117738485336303711e+00
6.916664838790893555e-01
-9.304441213607788086e-01
7.386679053306579590e-01
-1.299803495407104492e+00
9.464293718338012695e-01
-1.233043909072875977e+00
1.180970072746276855e+00
-1.459122300148010254e+00
1.770535230636596680e+00
-2.437247276306152344e+00
1.200030803680419922e+00
-1.160456061363220215e+00
-5.808258801698684692e-02
-7.530627846717834473e-01
1.664390206336975098e+00
-2.550692796707153320e+00
1.692446112632751465e+00
-1.973230004310607910e+00
8.860892057418823242e-02
-1.476856946945190430e+00
1.134229421615600586e+00
4.478693008422851562e-03
-5.468763113021850586e-01
-1.167119860649108887e+00
-8.271093964576721191e-01
1.136873662471771240e-01
-1.361429452896118164e+00
1.853004693984985352e-01
4.448329806327819824e-01
-1.224700808525085449e-01
-9.893057942390441895e-01
1.544938385486602783e-01
-7.317694425582885742e-01
9.442660808563232422e-01
-1.279989123344421387e+00
1.203998804092407227e+00
-2.185848712921142578e+00
1.298754215240478516e+00
-5.032114982604980469e-01
-1.661455154418945312e+00
1.421762466430664062e+00
-4.675213098526000977e-01
-2.811709403991699219e+00
1.060755372047424316e+00
-1.984060049057006836e+00
1.421276330947875977e+00
-6.332969665527343750e-01
-1.640650033950805664e-01
-1.102000594139099121e+00
-2.241912484169006348e-01
-5.211611986160278320e-01
-1.628313422203063965e+00
3.306369543075561523e+00
-3.418757200241088867e+00
1.460366487503051758e+00
-1.525487542152404785e+00
-2.497671693563461304e-01
2.666572332382202148e-01
-8.729335665702819824e-01
2.448858320713043213e-01
-3.984072804450988770e-01
-9.670672416687011719e-01
-2.072421014308929443e-01
9.464727640151977539e-01
-1.664145350456237793e+00
1.528916478157043457e+00
-2.885920524597167969e+00
1.071386814117431641e+00
-1.119843721389770508e+00
-5.865134596824645996e-01
3.444216549396514893e-01
-6.907634139060974121e-01
8.564265966415405273e-01
-2.449831485748291016e+00
5.688444972038269043e-01
-2.651865005493164062e+00
7.468057274818420410e-01
-6.696730852127075195e-02
-8.100823760032653809e-01
4.914341568946838379e-01
-1.679733753204345703e+00
-1.921808719635009766e-02
9.341922998428344727e-01
-5.527676343917846680e-01
-3.937880992889404297e-01
7.426954507827758789e-01
-2.002052783966064453e+00
4.637175798416137695e-02
-3.764910697937011719e-01
9.600352048873901367e-01
-2.766814231872558594e-01
-1.588965415954589844e+00
1.193832159042358398e-01
4.995331764221191406e-01
-1.867328643798828125e+00
3.038650751113891602e+00
-8.989714384078979492e-01
-1.420261859893798828e+00
5.749862194061279297e-01
5.131453275680541992e-01
-1.734751462936401367e-01
-1.228957176208496094e+00
-2.944243252277374268e-01
4.765138030052185059e-02
-8.046233654022216797e-01
-4.273406267166137695e-01
1.210906982421875000e+00
-2.668863773345947266e+00
1.811455488204956055e+00
-1.735111355781555176e+00
1.664223790168762207e+00
-4.276211857795715332e-01
-1.055348396301269531e+00
3.220093250274658203e-02
-2.526195764541625977e+00
-1.269905686378479004e+00
-1.908314585685729980e+00
-3.247533321380615234e+00
-2.031827688217163086e+00
-3.102212905883789062e+00
-1.722808241844177246e+00
-9.077668190002441406e-01
-1.978800058364868164e+00
8.646144270896911621e-01
2.423644304275512695e+00
1.437872886657714844e+00
1.198586702346801758e+00
1.712520360946655273e+00
2.924427509307861328e+00
1.197989702224731445e+00
3.320990085601806641e+00
1.661817193031311035e+00
1.798757076263427734e+00
-3.111874818801879883e+00
-2.160081148147583008e+00
-1.484551787376403809e+00
-3.694759130477905273e+00
-2.712896585464477539e+00
-2.376105308532714844e+00
-2.347023487091064453e+00
-2.737481594085693359e+00
-1.791467070579528809e-01
-1.678102374076843262e+00
2.778186798095703125e+00
6.484633088111877441e-01
7.094864249229431152e-01
1.126901507377624512e+00
-6.815819740295410156e-01
1.172451615333557129e+00
-7.787844538688659668e-02
9.566316008567810059e-01
-2.237032353878021240e-02
4.106827080249786377e-01
9.391990900039672852e-01
-8.494434356689453125e-01
-1.094363451004028320e+00
1.062091588973999023e+00
2.019133329391479492e+00
-1.997833847999572754e+00
6.161729693412780762e-01
-1.984110474586486816e-02
2.060136198997497559e-02
7.010377049446105957e-01
-1.021020531654357910e+00
2.220782995223999023e+00
-2.242713212966918945e+00
2.309225946664810181e-01
7.919917702674865723e-01
-1.599398136138916016e+00
9.905197620391845703e-01
-5.560494661331176758e-01
-1.149723887443542480e+00
1.810778141021728516e+00
-2.069519042968750000e+00
1.156978011131286621e+00
-2.028259754180908203e+00
1.612933158874511719e+00
-1.956128239631652832e+00
1.089884281158447266e+00
-1.143489003181457520e+00
3.692845106124877930e-01
-6.598896980285644531e-01
9.507641792297363281e-01
-8.812563419342041016e-01
1.486652970314025879e+00
-7.512600421905517578e-01
-1.263731241226196289e+00
6.155091524124145508e-01
5.966507196426391602e-01
-2.205095291137695312e+00
1.034522056579589844e+00
-2.507915019989013672e+00
6.248154640197753906e-01
2.448582649230957031e-02
4.759547710418701172e-01
5.138449072837829590e-01
-5.208047628402709961e-01
-5.675399303436279297e-01
1.413656115531921387e+00
-7.922206521034240723e-01
-1.010021567344665527e+00
1.950642228126525879e+00
-5.068569183349609375e-01
-1.445034623146057129e+00
-5.740639567375183105e-02
2.979313135147094727e-01
9.857404232025146484e-02
-2.012553453445434570e+00
2.270764485001564026e-02
-5.701512098312377930e-01
-3.539970815181732178e-01
6.587094664573669434e-01
-2.143625020980834961e-01
-9.316745996475219727e-01
-9.857023954391479492e-01
5.658015608787536621e-02
2.058867365121841431e-01
-6.485222578048706055e-01
-5.476790666580200195e-01
-9.420773386955261230e-02
9.833287000656127930e-01
-1.364958405494689941e+00
-4.674738049507141113e-01
-8.996187448501586914e-01
8.041791617870330811e-03
-1.493564099073410034e-01
-1.098349988460540771e-01
-1.230822920799255371e+00
6.749688982963562012e-01
-1.017521739006042480e+00
-1.695149242877960205e-01
-8.184038102626800537e-02
-7.430831193923950195e-01
-3.394716978073120117e-01
1.104481339454650879e+00
-2.145743966102600098e-01
-1.463131189346313477e+00
8.768037557601928711e-01
-9.033439755439758301e-01
-6.785309314727783203e-01
-3.290149271488189697e-01
7.455383539199829102e-01
1.762723922729492188e-02
-1.560686111450195312e+00
4.439444839954376221e-01
-7.566082477569580078e-01
-1.087052106857299805e+00
1.288784027099609375e+00
-3.198709487915039062e+00
-6.017112731933593750e-02
9.810233712196350098e-01
-1.828963279724121094e+00
1.256561994552612305e+00
2.268644571304321289e-01
-2.308476686477661133e+00
-1.891090422868728638e-01
-1.102341771125793457e+00
-1.931219100952148438e-01
1.126712322235107422e+00
-1.182325839996337891e+00
1.955338269472122192e-01
-8.547019958496093750e-02
-3.767663836479187012e-01
7.224530577659606934e-01
-2.184907913208007812e+00
-4.773263931274414062e-01
-1.509423255920410156e-01
2.481693267822265625e+00
-1.056971073150634766e+00
-1.423083066940307617e+00
1.041955471038818359e+00
-9.853550195693969727e-01
-3.265422344207763672e+00
3.447890281677246094e-02
3.460376560688018799e-01
-5.500373244285583496e-02
-1.403450250625610352e+00
-4.086819887161254883e-01
1.685979485511779785e+00
-8.980695009231567383e-01
-7.700165510177612305e-01
9.178913235664367676e-01
3.903647959232330322e-01
-1.531210660934448242e+00
5.101014375686645508e-01
-4.625411033630371094e-01
-8.696631789207458496e-01
2.878380775451660156e+00
-1.394431829452514648e+00
-3.339396715164184570e-01
-2.443475723266601562e-01
-1.232131361961364746e+00
1.932482957839965820e+00
-1.212059736251831055e+00
1.329667679965496063e-02
6.843733787536621094e-01
-1.339250326156616211e+00
-2.904812693595886230e-01
-5.350884795188903809e-01
7.947624325752258301e-01
-1.213628172874450684e+00
1.155999660491943359e+00
-3.117712736129760742e-01
-1.779356002807617188e+00
9.667951464653015137e-01
-2.737883806228637695e+00
1.634975194931030273e+00
-7.665668725967407227e-01
-2.341310501098632812e+00
1.613327264785766602e+00
-2.272902250289916992e+00
1.963369965553283691e+00
-3.445240736007690430e+00
1.114687025547027588e-01
-1.661657452583312988e+00
-1.878407239913940430e+00
1.250408768653869629e+00
-1.408838391304016113e+00
-1.889076709747314453e+00
3.799284696578979492e-01
1.130405962467193604e-01
-2.552849292755126953e+00
1.301371574401855469e+00
-1.639622211456298828e+00
8.242345452308654785e-01
-5.366294384002685547e-01
-9.570590853691101074e-01
-2.573491334915161133e+00
-8.631410598754882812e-01
8.052023053169250488e-01
-3.682995140552520752e-01
-1.142282962799072266e+00
-4.077601432800292969e-01
1.639826059341430664e+00
-1.265203833580017090e+00
-1.761159181594848633e+00
1.225712180137634277e+00
-1.808431625366210938e+00
4.770697355270385742e-01
-1.531910419464111328e+00
1.244035124778747559e+00
-7.841043472290039062e-01
1.492721885442733765e-01
-1.383111357688903809e+00
8.554928302764892578e-01
5.393006205558776855e-01
-1.321991562843322754e+00
3.836926817893981934e-01
-9.429556727409362793e-01
6.326135993003845215e-02
-8.097319602966308594e-01
8.762692213058471680e-01
-7.875478863716125488e-01
-2.916163206100463867e-02
-1.975847959518432617e+00
1.061895132064819336e+00
4.216454029083251953e-01
-1.010146379470825195e+00
5.013678073883056641e-01
-1.120054006576538086e+00
8.523217439651489258e-01
-9.704960584640502930e-01
8.797384500503540039e-01
-5.505485534667968750e-01
5.225490331649780273e-01
-6.328350305557250977e-01
-7.919677495956420898e-01
-5.259210467338562012e-01
2.617198228836059570e-01
-8.242266178131103516e-01
-6.464940309524536133e-01
9.907971620559692383e-01
-6.837145090103149414e-01
1.055147767066955566e+00
-1.998698472976684570e+00
2.468776226043701172e+00
-2.089439868927001953e+00
1.018187642097473145e+00
-6.893681287765502930e-01
6.819767355918884277e-01
-1.842189311981201172e+00
1.887033581733703613e-01
-1.233142971992492676e+00
1.330287098884582520e+00
-7.032021284103393555e-01
6.059523224830627441e-01
-1.269473195075988770e+00
-1.077000051736831665e-01
-4.754229262471199036e-02
-4.157380461692810059e-01
2.012560814619064331e-01
7.371827960014343262e-01
-1.785782694816589355e+00
5.027973055839538574e-01
-3.542554378509521484e-02
-1.176911950111389160e+00
-2.808188498020172119e-01
4.849446415901184082e-01
-1.279416322708129883e+00
7.722746729850769043e-01
-1.892691969871520996e+00
8.083823323249816895e-02
4.415163099765777588e-01
-1.360067367553710938e+00
7.651254534721374512e-01
-6.479617357254028320e-01
-5.175625681877136230e-01
-2.279659986495971680e+00
1.721587181091308594e-01
6.423547267913818359e-01
-1.770693957805633545e-01
-3.931614160537719727e-01
2.209094613790512085e-01
-6.817728877067565918e-01
-1.135033726692199707e+00
9.413971900939941406e-01
-8.421137183904647827e-02
-1.078909873962402344e+00
1.538984656333923340e+00
-5.998911261558532715e-01
-9.544903039932250977e-02
-1.421267151832580566e+00
4.050949215888977051e-02
-5.190528631210327148e-01
2.543298602104187012e-01
-3.321912586688995361e-01
-8.265826702117919922e-01
1.477615356445312500e+00
-1.469314098358154297e+00
5.142312049865722656e-01
2.634705305099487305e-01
-1.960827827453613281e+00
-3.888159692287445068e-01
-9.731692075729370117e-02
1.906473040580749512e-01
1.255957722663879395e+00
-7.680740356445312500e-01
-1.224257111549377441e+00
-1.323105454444885254e+00
2.644201993942260742e+00
-2.117523431777954102e+00
9.910016655921936035e-01
-6.144432425498962402e-01
-9.275321364402770996e-01
-3.296005725860595703e-01
6.201093196868896484e-01
-2.113384485244750977e+00
-1.530849695205688477e+00
3.927705883979797363e-01
8.017683029174804688e-01
-1.679526925086975098e+00
1.503311634063720703e+00
-1.035450696945190430e-01
-3.119398117065429688e+00
-3.335658311843872070e-01
-1.931779623031616211e+00
7.586892247200012207e-01
2.450060546398162842e-01
8.361587524414062500e-01
-1.728429317474365234e+00
-1.260086774826049805e+00
1.264369010925292969e+00
-1.505765557289123535e+00
2.852383553981781006e-01
-1.992641448974609375e+00
1.669924020767211914e+00
-1.797890901565551758e+00
1.580740809440612793e+00
-1.825767517089843750e+00
7.864117622375488281e-02
-7.583502531051635742e-01
-6.872599124908447266e-01
-1.287783980369567871e+00
1.884897232055664062e+00
-1.790306329727172852e+00
-1.506259441375732422e+00
1.135940551757812500e-01
1.469607234001159668e+00
-6.590843200683593750e-01
-9.313627481460571289e-01
3.098996579647064209e-01
-8.683715462684631348e-01
-1.437871336936950684e+00
6.823185086250305176e-01
1.629575788974761963e-01
-7.431620359420776367e-01
1.361122369766235352e+00
-1.726118564605712891e+00
3.166404068470001221e-01
-4.126375913619995117e-02
-2.406589508056640625e+00
1.936480402946472168e+00
-2.368409156799316406e+00
6.199120283126831055e-01
-7.531887292861938477e-02
-5.142195224761962891e-01
1.224949508905410767e-01
-3.113285303115844727e-01
-5.276732444763183594e-01
5.918864011764526367e-01
-2.349120616912841797e+00
1.030709266662597656e+00
-3.603973686695098877e-01
1.534591078758239746e+00
-4.008153676986694336e-01
-7.641674876213073730e-01
-1.981366634368896484e+00
9.770326018333435059e-01
4.466100931167602539e-01
-6.425604224205017090e-01
-1.427433013916015625e+00
-7.549881935119628906e-03
9.066075682640075684e-01
-9.529612064361572266e-01
